1.png :  0.448042889031 0.685784514543 0.383165002432 0.491638980157 0.32594251223
10.png :  0.915019132653 0.915507771415 0.688703296703 0.786072647 0.647545048768
100.png :  0.410076530612 0.623893535193 0.303633500698 0.408473221423 0.256654947263
1002.png :  0.86842315051 0.980806623597 0.712943965714 0.825694371106 0.703134133729
1003.png :  0.789202008929 0.809900665866 0.676560434049 0.737250031052 0.583844822159
1008.png :  0.822544642857 0.976798653297 0.608489490722 0.749859534779 0.599820224719
1009.png :  0.979611766582 0.880885511317 0.946396876109 0.912466843501 0.839024390244
1010.png :  0.948481345663 0.701201003036 0.943024494143 0.804329725229 0.672701949861
1011.png :  0.965601084184 0.792865707434 0.938942137025 0.859743214692 0.753990877993
1018.png :  0.737205038265 0.476666666667 0.782250163292 0.592370471126 0.420828391971
1020.png :  0.849788743622 0.659123150713 0.796619856303 0.721378137592 0.564184110096
1023.png :  0.794822225765 0.565427135678 0.689010450686 0.621131270011 0.450464396285
1037.png :  0.922871492347 0.912596401028 0.441130785958 0.594764397906 0.423248882265
1043.png :  0.807836415816 0.603010033445 0.331616700386 0.427910288359 0.272192028986
1047.png :  0.7529296875 0.387402040515 0.240941695788 0.297102681862 0.174468935207
1048.png :  0.742207429847 0.323755772191 0.174084973331 0.226421864721 0.127663879148
1057.png :  0.40579161352 0.530939540165 0.243816599863 0.33417450144 0.200605946859
1059.png :  0.355827487245 0.359849134236 0.0684002998012 0.114950711939 0.0609802155661
1061.png :  0.426120057398 0.569960065079 0.251148694887 0.348662037142 0.211139115665
1063.png :  0.34544403699 0.325566343042 0.0655652230586 0.109149103534 0.0577248601348
1064.png :  0.421018016582 0.542890100671 0.337406719458 0.416165919733 0.262758533181
1065.png :  0.629484215561 0.482420697141 0.918163558106 0.632509043468 0.462532523851
1066.png :  0.547154017857 0.423140543835 0.836786226686 0.562061521856 0.390880090073
107.png :  0.947066326531 0.845276872964 0.845670391061 0.845473586223 0.732312033864
1075.png :  0.570511798469 0.605734767025 0.566269545793 0.585337694824 0.413764961915
1078.png :  0.661989795918 0.687046553809 0.676917349218 0.68194434026 0.517386602925
1083.png :  0.660395408163 0.791918610231 0.356830861047 0.491980203923 0.326242536871
1085.png :  0.608079559949 0.71287860133 0.250400034598 0.370619299088 0.227460223925
1086.png :  0.63697783801 0.678420823033 0.403537603252 0.506060688234 0.338742467146
1096.png :  0.822305484694 0.962622309198 0.638831168831 0.767993754879 0.623368394373
110.png :  0.931859853316 0.849479800027 0.731727188082 0.7862189708 0.647743663713
1100.png :  0.872488839286 0.617440499415 0.416337805841 0.497328724073 0.330963086897
1103.png :  0.858159279337 0.822902796272 0.0812943962115 0.147970788938 0.0798965740142
1109.png :  0.825294961735 0.80100073825 0.606333436821 0.690203562341 0.526954832443
1111.png :  0.928332270408 0.97221593054 0.799565352375 0.877478705281 0.781703393432
112.png :  0.842414700255 0.527236580517 0.771648044693 0.626446827609 0.456077595102
1132.png :  0.749441964286 1.0 0.254020055776 0.405129175736 0.254020055776
1135.png :  0.801817602041 0.995695221696 0.411736782769 0.582570732936 0.411005153113
1137.png :  0.85032684949 0.849785407725 0.392573900505 0.537048452719 0.36709927524
1140.png :  0.86204559949 0.883639705882 0.433219178082 0.581398161587 0.409838860943
1141.png :  0.853415975765 0.843526170799 0.41393294881 0.555347318784 0.384415801808
1142.png :  0.855329241071 0.876693500884 0.402397260274 0.551609117302 0.380842715797
1143.png :  0.856325733418 0.848860168731 0.42618961788 0.567468650627 0.396130005026
1151.png :  0.864815848214 0.942600831449 0.683086680761 0.792130182955 0.655807581063
1153.png :  0.822305484694 0.884868801295 0.491492776886 0.631965656732 0.461951602197
1156.png :  0.831074617347 0.868779220779 0.536886035313 0.663650793651 0.496614799857
1159.png :  0.73294005102 0.578480190517 0.51467094703 0.544713237293 0.374299589092
1165.png :  0.921576052296 0.951136064567 0.762447257384 0.846403060229 0.733707789132
1169.png :  0.731226084184 0.569928710305 0.301888087882 0.394703770197 0.245875971593
117.png :  0.860311702806 0.910219418909 0.705188188813 0.794692287413 0.659327306309
1176.png :  0.751275510204 0.565070844517 0.621558530724 0.591970182436 0.420424464775
1180.png :  0.910196109694 0.914164230667 0.640595903166 0.753312164678 0.604250834358
1181.png :  0.917729591837 0.947846112165 0.651489757914 0.772210572784 0.628943820225
1185.png :  0.784478635204 0.494271590579 0.800508618254 0.61117503236 0.440066276601
1186.png :  0.753966039541 0.454362983309 0.810210040501 0.582219364445 0.41065546379
1188.png :  0.889249840561 0.714443125954 0.793915418668 0.752085656926 0.602674102674
119.png :  0.726761798469 0.909212085308 0.319141193595 0.472448822533 0.309285102524
1199.png :  0.919842155612 0.920387007602 0.658980702622 0.768050749712 0.6234434978
124.png :  0.776606345663 0.638846822592 0.704826732673 0.670216834858 0.504004601974
125.png :  0.732820471939 0.668214023943 0.33849009901 0.449355130206 0.289785971604
13.png :  0.863101881378 0.928816140084 0.429010989011 0.586926453786 0.415354498255
133.png :  0.871731505102 0.958757722491 0.4812672869 0.640848214286 0.471505994416
136.png :  0.808095503827 0.99441580756 0.194032352695 0.324707202469 0.193821165439
138.png :  0.669264190051 0.773306808934 0.596269827436 0.67334606224 0.507552152883
139.png :  0.567562181122 0.702603955228 0.422346173959 0.527564884167 0.358294147221
14.png :  0.865074936224 0.894466335446 0.458989010989 0.60666976528 0.435409890751
142.png :  0.591737085459 0.705968049834 0.489907617222 0.578419871993 0.406885169958
145.png :  0.86770567602 0.889743589744 0.620409847339 0.731059071388 0.576117496807
149.png :  0.819056919643 0.780527883332 0.522624123229 0.626055438857 0.455662809521
15.png :  0.941366390306 0.849946053614 0.900307692308 0.874402322404 0.776833801107
151.png :  0.895129145408 0.929470566457 0.690551505983 0.792393277046 0.656168322007
158.png :  0.938576211735 0.927352001965 0.888294117647 0.907402956375 0.830501017434
161.png :  0.892199457908 0.853448275862 0.798836554701 0.825239895318 0.702475247525
177.png :  0.706493144133 0.75136928797 0.68837447806 0.718493739845 0.560663464694
179.png :  0.844407684949 0.88854785347 0.816460332576 0.850980167592 0.740613994285
180.png :  0.766581632653 0.847185106004 0.696688887261 0.764601841058 0.618911268018
181.png :  0.667908960459 0.697861260926 0.687202402754 0.692490818831 0.52962597036
182.png :  0.743702168367 0.826269654798 0.669804409933 0.739855160416 0.587119144701
184.png :  0.740533322704 0.754426591614 0.775620833639 0.764876921132 0.619271823366
198.png :  0.792490433673 0.827331887202 0.530990700006 0.646835357167 0.478016744373
20.png :  0.869319993622 0.917397817248 0.40992541595 0.566651245787 0.395333825157
200.png :  0.815389827806 0.762880986938 0.702511555382 0.731452758531 0.576606636804
201.png :  0.871871014031 0.611794500724 0.23996026678 0.344715115686 0.208251231527
215.png :  0.803571428571 0.587960138296 0.696570556582 0.637673700463 0.468077068379
225.png :  0.649992028061 0.612438459311 0.711617733659 0.658313553057 0.4906612529
230.png :  0.60963408801 0.594895970264 0.552031631194 0.572662812261 0.401210601938
233.png :  0.797014508929 0.6660407899 0.671738278699 0.668877401736 0.502491207503
24.png :  0.869001116071 0.900432900433 0.417670682731 0.570644718793 0.399232245681
244.png :  0.964664381378 0.925707090275 0.904761904762 0.915114664624 0.843512797882
251.png :  0.850864955357 0.566396242528 0.851320996898 0.680227340712 0.515412511333
260.png :  0.501913265306 0.656229905525 0.423743971382 0.514963319489 0.346768080713
263.png :  0.493004623724 0.668813988266 0.371394806605 0.477584967656 0.313702214908
264.png :  0.419025031888 0.54635676233 0.406177137564 0.465952184666 0.303740326741
278.png :  0.55735809949 1.0 0.133065303095 0.234876670801 0.133065303095
28.png :  0.712711256378 0.547005933085 0.560619358074 0.553728986719 0.382866683791
286.png :  0.781050701531 0.686266423143 0.672944710844 0.679540283531 0.514624016966
288.png :  0.650689572704 0.494632657081 0.580333930325 0.534067044156 0.36431887422
29.png :  0.66458067602 0.469997266266 0.431105817452 0.449712267852 0.290083097819
293.png :  0.878029336735 0.763549415515 0.354639684107 0.48432760364 0.319546364243
295.png :  0.875498246173 0.585789522314 0.782329713722 0.669942410313 0.503694287757
299.png :  0.495994100765 0.856459330144 0.224469453376 0.35571068253 0.216330957546
3.png :  0.440409757653 0.71579277865 0.326142313525 0.448109128076 0.288750411632
301.png :  0.398636798469 0.732897384306 0.0468488745981 0.0880681818182 0.0460624071322
308.png :  0.659219547194 0.95393258427 0.0474116267381 0.0903335638666 0.0473033207043
315.png :  0.721659757653 0.551398813694 0.730252984475 0.628346372878 0.458094055564
316.png :  0.665517378827 0.488345693961 0.798292818705 0.605986618148 0.434706456937
329.png :  0.95169005102 0.956887806857 0.825139958013 0.88614372945 0.795563801974
34.png :  0.454141422194 0.570012118541 0.345728508904 0.430404492045 0.274213636484
341.png :  0.160953443878 0.143560699335 0.950543478261 0.249447336519 0.142496333714
342.png :  0.158203125 0.143272102442 0.951630434783 0.24904882125 0.142236302344
351.png :  0.890904017857 0.915483547687 0.524547803618 0.666950596252 0.500319488818
353.png :  0.629862882653 1.0 0.185545761523 0.313013242583 0.185545761523
356.png :  0.623226243622 0.980285855101 0.174450730167 0.296191504412 0.173840842547
36.png :  0.390904017857 0.446242971545 0.0875012528816 0.146312849162 0.0789307133601
361.png :  0.30833466199 0.768644290597 0.214785973161 0.335751335005 0.201743490662
369.png :  0.555026307398 0.626938918587 0.283618775769 0.390555479732 0.242664767138
370.png :  0.587153220663 0.661139303838 0.366714240406 0.471758255769 0.308693475722
373.png :  0.643275669643 0.692773303858 0.521804630511 0.595255862334 0.423746820772
375.png :  0.608597735969 0.747189519341 0.334641611164 0.462254593248 0.300605413105
385.png :  0.143773915816 0.115142881086 0.883317261331 0.203729102569 0.11341780511
386.png :  0.117845184949 0.101105215695 0.774831243973 0.178870234672 0.0982193790237
392.png :  0.104791135204 0.100148797222 0.778849244616 0.177476652628 0.0973796318624
4.png :  0.428352200255 0.616635653145 0.474063689165 0.536031445625 0.36614956245
404.png :  0.920260682398 0.842515070328 0.825987031109 0.834169188047 0.715514789534
409.png :  0.863101881378 0.950122363361 0.558654241469 0.703603020496 0.542737318599
411.png :  0.821946747449 0.728668390433 0.617925174729 0.668743047831 0.502339572193
412.png :  0.937918526786 0.964925070879 0.816225846238 0.884368387839 0.792706461702
420.png :  0.612523915816 0.485088556141 0.624632804572 0.546087037729 0.375598162957
421.png :  0.559590242347 0.449453347312 0.801420712493 0.575919244646 0.404414737353
432.png :  0.494220344388 0.994782608696 0.168792419424 0.288613556091 0.168643123894
437.png :  0.856664540816 0.827767568595 0.744882248959 0.784140704724 0.644927178474
438.png :  0.848871970663 0.743851053405 0.865712493585 0.800168656284 0.666900944432
441.png :  0.863500478316 0.906802633277 0.534139294404 0.672280970381 0.506342799481
443.png :  0.805006377551 0.689511591267 0.465860705596 0.556039568019 0.385079504745
448.png :  0.775271045918 0.588557401813 0.473996350365 0.525101078167 0.356025128498
449.png :  0.862643494898 0.817935216212 0.471269651558 0.597993467102 0.426526876352
451.png :  0.766900510204 0.402754690097 0.155925347063 0.224814422057 0.126642771804
458.png :  0.86379942602 0.808802308802 0.357689853223 0.496017699115 0.329802883201
462.png :  0.831333705357 0.874700718276 0.116570942353 0.205725011732 0.114656344806
463.png :  0.827905771684 0.867689357622 0.0962561157201 0.173288654859 0.0948637316562
473.png :  0.765505420918 0.731304205531 0.513088404133 0.603063221105 0.431704018547
479.png :  0.708286830357 0.774728529121 0.225258323766 0.349032688459 0.211411023113
487.png :  0.760801977041 0.799627396186 0.673271413829 0.731029537 0.576080813789
490.png :  0.822843590561 0.693026661498 0.901299574277 0.783559375685 0.644141078506
493.png :  0.81881776148 0.701356010113 0.854694151916 0.770469866438 0.626637644256
5.png :  0.529934630102 0.696239251304 0.576836142027 0.630938223697 0.460854458591
503.png :  0.592195471939 0.932875857767 0.272873252801 0.422238536255 0.267618740828
504.png :  0.564014668367 1.0 0.201634976826 0.335601044767 0.201634976826
505.png :  0.954838966837 0.865842420519 0.955994573512 0.908687943262 0.832656376929
508.png :  0.946169483418 0.930091760477 0.833644225878 0.879230941203 0.784488949174
520.png :  0.67063934949 1.0 0.20379649258 0.338589610182 0.20379649258
523.png :  0.334363042092 0.20119550605 0.985420340976 0.334163991946 0.200598372427
527.png :  0.264688297194 0.184919648406 0.979541446208 0.311107791699 0.184208198824
531.png :  0.458406409439 0.847097928918 0.110839745734 0.196029703263 0.108665704539
539.png :  0.50657684949 0.709608667338 0.376456547002 0.491935152883 0.326202917483
544.png :  0.662328603316 0.841369511413 0.576557052671 0.684235048549 0.520028328612
546.png :  0.730129942602 0.427126436782 0.675329395729 0.523288153494 0.354360368092
548.png :  0.536013233418 0.245416839486 0.537664697865 0.337006977075 0.202650866498
553.png :  0.852558992347 0.635902636917 0.0817897208453 0.144937586685 0.0781308411215
557.png :  0.864875637755 0.834592145015 0.144142968954 0.245828698554 0.14013950539
558.png :  0.916155133929 0.706606140246 0.771588833812 0.737669140113 0.584370677732
56.png :  0.805285395408 0.93635250918 0.32673690205 0.484432717678 0.319637883008
560.png :  0.952566964286 0.980370774264 0.703626402296 0.819258809235 0.693851299202
561.png :  0.641840720663 0.801737797087 0.526764725636 0.635794337596 0.466054609739
562.png :  0.6748046875 0.767880597015 0.647894418698 0.702803125512 0.541786015164
563.png :  0.591418207908 0.805546406693 0.410672308416 0.544006761716 0.373632752826
575.png :  0.596500318878 0.505624909276 0.677806966336 0.579190222813 0.407647970976
576.png :  0.599230707908 0.508420299137 0.656499318934 0.573048260048 0.401589096536
577.png :  0.827487244898 0.863721908558 0.715845490412 0.782861729882 0.643198680956
58.png :  0.493463010204 0.876315925945 0.423201182098 0.57076268324 0.399347733611
581.png :  0.806700414541 0.839649654708 0.686072116708 0.755131409528 0.606595278657
585.png :  0.861806441327 0.539381299965 0.961819759514 0.691163370746 0.528074593344
592.png :  0.827507174745 0.481659388646 0.957109210363 0.64082665892 0.471482657548
595.png :  0.940389827806 0.811833094442 0.941975422711 0.872075616954 0.773168512058
597.png :  0.937460140306 0.941514420315 0.75709137947 0.839291201475 0.723085068832
598.png :  0.939413265306 0.928249147133 0.779358772983 0.847312908086 0.735076252723
600.png :  0.919842155612 0.907978404319 0.699251593828 0.790061593068 0.652976704055
601.png :  0.834183673469 0.913766314481 0.430968782061 0.585698635594 0.414125765791
605.png :  0.907864317602 0.913103195678 0.730763593727 0.811820735132 0.683247687564
607.png :  0.920738998724 0.940902872777 0.756045727686 0.838405590996 0.721771372604
613.png :  0.686344068878 1.0 0.128474914165 0.227696535479 0.128474914165
614.png :  0.662687340561 0.877918612408 0.072876287518 0.134580968451 0.0721451674799
617.png :  0.525550063776 0.1658640023 0.885456638526 0.27939217823 0.162379930333
621.png :  0.295041454082 0.128424995072 1.0 0.227618132588 0.128424995072
63.png :  0.421675701531 0.849286125872 0.332214681059 0.477604954274 0.313719461722
637.png :  0.652483258929 0.917804440767 0.283239700375 0.432887761408 0.276232774365
638.png :  0.734315210459 0.90761087497 0.481656452162 0.629334074795 0.459144758195
641.png :  0.775948660714 0.961041358936 0.320583887657 0.480786994273 0.316471088952
643.png :  0.773776307398 0.917450008546 0.330623306233 0.486077783311 0.32107183444
655.png :  0.972257653061 0.917916215798 0.87336372996 0.895085921013 0.810095497954
659.png :  0.735849808673 0.796101741775 0.328372676474 0.464960439206 0.302898017146
66.png :  0.911910076531 0.73300192431 0.623942123942 0.67408936735 0.508397286175
67.png :  0.932079081633 0.869901812689 0.628856128856 0.729995246395 0.574797255147
670.png :  0.871073820153 0.863970130678 0.563565513882 0.682159878151 0.517634777422
679.png :  0.416234853316 0.725683355886 0.356284879086 0.477925318599 0.313995971708
687.png :  0.822604432398 0.890268279853 0.518504901961 0.655333978703 0.487358175431
690.png :  0.825474330357 0.921160957232 0.633845415266 0.750959815715 0.601229508197
691.png :  0.779376594388 0.92942625836 0.507057129141 0.656147108157 0.488258136095
703.png :  0.940788424745 0.757217321572 0.682138342062 0.717719714964 0.559721398933
708.png :  0.976183832908 0.918583716743 0.853531598513 0.88486366702 0.793502678417
719.png :  0.896603954082 0.735253916518 0.72368829556 0.729425263377 0.574090797143
722.png :  0.911471619898 0.853306812531 0.471169686985 0.607111268353 0.43586487173
724.png :  0.911531409439 0.946344524631 0.414058209775 0.576067233311 0.404560697518
73.png :  0.746312978316 0.120384815393 0.13441718682 0.127014608052 0.0678139875503
734.png :  0.724051339286 0.277878205852 0.822300234035 0.415385914541 0.262136957101
74.png :  0.793825733418 0.362813591616 0.663376397155 0.469078778548 0.30640295005
743.png :  0.546855070153 0.120453267592 0.537022753567 0.196771116685 0.109121542199
747.png :  0.651167889031 0.199476135041 0.477497561655 0.281397544854 0.163736263736
748.png :  0.698979591837 0.258632239206 0.591751428173 0.359945758115 0.219471861919
750.png :  0.719686702806 0.25708844689 0.507872370071 0.341372044018 0.205815923207
754.png :  0.868821747449 0.785985647953 0.811227982822 0.798407350689 0.664457585644
757.png :  0.823361766582 0.78802174956 0.61336901724 0.689812060337 0.526498557538
760.png :  0.819056919643 0.742067341 0.666645920209 0.702337628274 0.541232945932
762.png :  0.663883131378 1.0 0.20463120166 0.33974082919 0.20463120166
767.png :  0.663444674745 0.999075144509 0.203782305225 0.338516980689 0.203743870238
769.png :  0.845762914541 0.913034188034 0.552388339474 0.688333131972 0.524777402518
77.png :  0.759327168367 0.116175817671 0.113949775004 0.115052029899 0.0610372443822
771.png :  0.852638711735 0.796577807153 0.701118221188 0.745805830583 0.59464941615
775.png :  0.829500159439 0.816261203585 0.57688578631 0.676008331755 0.510583524027
778.png :  0.807497608418 0.799333227496 0.374906924795 0.510416138679 0.342656866748
780.png :  0.909917091837 0.952468007313 0.698287416232 0.805808558172 0.674773348683
782.png :  0.882374043367 0.816995115378 0.722338049144 0.766756244072 0.621739409088
783.png :  0.760243941327 0.601951645791 0.307743857036 0.40727236894 0.255707480047
784.png :  0.821827168367 0.796096016882 0.449441548771 0.574528840662 0.403044871795
788.png :  0.63528380102 0.324601546473 0.874574829932 0.473472206238 0.310162846803
79.png :  0.53762755102 0.0529518171353 0.140223544782 0.076874104727 0.0399735165108
799.png :  0.935048628827 1.0 0.575319259838 0.730416080735 0.575319259838
80.png :  0.783223054847 0.346945041449 0.656118449702 0.453883617011 0.293563681237
800.png :  0.870894451531 1.0 0.155850925202 0.269673055242 0.155850925202
808.png :  0.806142378827 1.0 0.0974297114225 0.177559820749 0.0974297114225
81.png :  0.896006058673 0.770796144234 0.663015661787 0.712854941669 0.553826421548
810.png :  0.766003667092 0.69023890785 0.348017621145 0.462728229534 0.301006132047
812.png :  0.794304049745 0.642099574411 0.654253854626 0.648119736797 0.479420962373
815.png :  0.872747927296 0.80730621179 0.736233480176 0.77013356374 0.626192845852
820.png :  0.705715880102 0.682975113122 0.278322000691 0.395480225989 0.246478873239
827.png :  0.926060267857 0.901600694875 0.71354217814 0.796623177283 0.661989795918
83.png :  0.832370057398 0.915036674817 0.153239840311 0.262516440158 0.15109002826
843.png :  0.976183832908 0.960791239845 0.848276937471 0.901035196687 0.81989449887
853.png :  0.827845982143 0.402616902617 0.550278510701 0.465006812833 0.302937378954
864.png :  0.825175382653 0.948050345508 0.479169265311 0.636589609744 0.466909753874
874.png :  0.875059789541 0.885978428351 0.793220673006 0.837037614703 0.71974607716
89.png :  0.661949936224 0.494148818724 0.265543426673 0.345450335726 0.208788133221
902.png :  0.852519132653 0.844698883089 0.764619214551 0.802666666667 0.670378619154
905.png :  0.685188137755 0.726239031022 0.301999280465 0.426600842166 0.271133259505
909.png :  0.715122767857 0.883752044002 0.305545562009 0.454094103269 0.293739809279
916.png :  0.805903220663 0.772817931427 0.525510204082 0.625610271787 0.455191317968
917.png :  0.83326690051 0.88467358409 0.528610178249 0.661788486417 0.494532052444
919.png :  0.791693239796 0.936199722607 0.348747093774 0.508187464709 0.340651021953
920.png :  0.792231345663 0.735236678136 0.510591578404 0.602660365133 0.431291255251
926.png :  0.929508131378 0.912387583406 0.681990675485 0.780542284544 0.640073267528
934.png :  0.775829081633 0.815906318614 0.69107740629 0.74832184731 0.597854844476
941.png :  0.763871173469 0.969119488107 0.374710912709 0.540454580715 0.370289662503
95.png :  0.851502710459 0.839997107946 0.689250118652 0.757193599896 0.60926110441
952.png :  0.65748565051 0.515590200445 0.86790164296 0.646887199507 0.478073372206
953.png :  0.852339764031 0.610725451751 0.994563341388 0.756754982107 0.608693355868
956.png :  0.954958545918 0.979145264023 0.822488781498 0.894006190789 0.808328386057
964.png :  0.859753667092 0.947908445146 0.596140720978 0.731954443302 0.577230399519
965.png :  0.789879623724 0.820197610294 0.442948439536 0.575238709158 0.403743920371
969.png :  0.865194515306 0.863346418057 0.36181369525 0.509926097667 0.342215306817
974.png :  0.877750318878 0.876677852349 0.429775858524 0.576790396026 0.405274384332
978.png :  0.872967155612 0.793039335309 0.829171982261 0.81070325493 0.681666084003
979.png :  0.939253826531 0.985872636383 0.826681246583 0.89928628073 0.817002881844
982.png :  0.784080038265 0.961911016253 0.35593220339 0.519599148634 0.350985443
989.png :  0.548728475765 0.628203570995 0.385036292574 0.477441092982 0.313578076212
995.png :  0.768833705357 0.842765910592 0.636480811609 0.725239843657 0.568922585201
999.png :  0.727598852041 0.882149429518 0.498274500021 0.63683707089 0.467176048651
Average Pixelwise Accuracy :  0.743333241426
Average Precision :  0.732301354512
Average Pixelwise Recall :  0.545531257833
Average Pixelwise F1 :  0.569107708
Average Pixelwise MIU :  0.426064881723